INA826

board 5:
(LinregressResult(slope=15980.683852410857, intercept=5.824524355444737, rvalue=0.9999999723334463, pvalue=1.1481572810821409e-15, stderr=1.8795673978244345, intercept_stderr=2.4512462338011476),
 array([[8.000000e+00, 5.000000e-04],
        [1.598500e+04, 9.990625e-01],
        [1.918200e+04, 1.198875e+00],
        [2.238400e+04, 1.399000e+00],
        [2.558400e+04, 1.599000e+00],
        [2.878200e+04, 1.798875e+00]]),
 [-0.4993, 1.0452000000000001, 1.2205, 1.3549, 1.514, 1.6332],
 [-0.187, 0.1505, 0.0843, -0.023200000000000002, -0.1059, -0.2282],
 [7.166459605000001e-07,
  1.00010769,
  1.200095475,
  1.4003549149999999,
  1.60051401,
  1.80050822],
 array([1.87726635e-04, 9.99957208e-01, 1.20001122e+00, 1.40037812e+00,
        1.60061986e+00, 1.80073646e+00]))